[18:09:17],26,98,265
[18:09:18],26,98,265
[18:09:19],26,98,265
[18:09:20],26,98,265
[18:09:21],26,98,265
[18:09:22],26,98,265
[18:09:23],26,98,265
[18:09:24],26,98,265
[18:09:25],26,98,265
[18:09:26],26,98,265
[18:09:27],26,98,265
[18:09:28],26,98,265
[18:09:29],26,98,265
[18:09:30],26,98,265
[18:09:31],26,98,265
[18:09:32],26,98,265
[18:09:33],26,98,265
[18:09:34],26,98,265
[18:09:35],26,98,265
[18:09:36],26,98,265
[18:09:37],26,98,265
[18:09:38],26,98,265
[18:09:39],26,98,265
[18:09:40],26,98,265
[18:09:41],26,98,265
[18:09:42],26,98,265
[18:09:43],26,98,265
[18:09:44],26,98,265
[18:09:45],26,98,265
[18:09:46],26,98,265
[18:09:47],26,98,265
[18:09:48],26,98,265
[18:09:49],26,98,265
[18:09:50],26,98,265
[18:09:51],26,98,265
[18:09:52],26,98,265
[18:09:53],26,98,265
[18:09:54],26,98,265
[18:09:55],26,98,265
[18:09:56],26,98,265
[18:09:57],26,98,265
[18:09:58],26,98,265
[18:09:59],26,98,265
[18:10:00],26,98,265
[18:10:01],26,98,265
[18:10:02],26,98,265
[18:10:03],26,98,265
[18:10:04],26,98,265
[18:10:05],26,98,265
[18:10:06],26,98,265
[18:10:07],26,98,265
[18:10:08],26,98,265
[18:10:09],26,98,265
[18:10:10],26,98,265
[18:10:11],26,98,265
[18:10:12],26,98,265
[18:10:13],26,98,265
[18:10:14],26,98,265
[18:10:15],26,98,265
[18:10:16],26,98,265
